-8.119304148362607070e-04
-8.258182639129919107e-04
-8.649038829662064262e-04
-9.186880335822326677e-04
-9.703486590512178968e-04
-9.970630711998488237e-04
-9.707018305654447916e-04
-8.588762176467453066e-04
-6.263021783611264545e-04
-2.364259621516592489e-04
3.467587114072548989e-04
1.156784388949200215e-03
2.222765416058362052e-03
3.567530307356481158e-03
5.205925527973627627e-03
7.143380106999029817e-03
9.374810825915760176e-03
1.188393391516185012e-02
1.464303185437129846e-02
1.761320379588391868e-02
2.074510625340293332e-02
2.398016805674993424e-02
2.725224125896689650e-02
3.048962877992167017e-02
3.361741111010124045e-02
3.655997929927019829e-02
3.924367048112225448e-02
4.159939590596156006e-02
4.356515021325938625e-02
4.508829457606626512e-02
4.612751524178777124e-02
4.665437248758685929e-02
4.665437248758685929e-02
4.612751524178777124e-02
4.508829457606626512e-02
4.356515021325938625e-02
4.159939590596156006e-02
3.924367048112225448e-02
3.655997929927019829e-02
3.361741111010124045e-02
3.048962877992166670e-02
2.725224125896689303e-02
2.398016805674992036e-02
2.074510625340293332e-02
1.761320379588390828e-02
1.464303185437129846e-02
1.188393391516184665e-02
9.374810825915760176e-03
7.143380106999026348e-03
5.205925527973623290e-03
3.567530307356479857e-03
2.222765416058359884e-03
1.156784388949200215e-03
3.467587114072546279e-04
-2.364259621516592489e-04
-6.263021783611260208e-04
-8.588762176467442224e-04
-9.707018305654438158e-04
-9.970630711998475226e-04
-9.703486590512178968e-04
-9.186880335822326677e-04
-8.649038829662064262e-04
-8.258182639129919107e-04
-8.119304148362607070e-04
